0.129101968531319
0.321019659564372
0.0976822837481246
0.372812449474532
0.186868333650639
0.355340132518143
0.141448689243568
0.102121681878675
0.490336733332849
0.408406290043463
0.208591225936498
0.131212768070472
0.137280650437856
0.826413253897039
0.0981998395971073
0.287539298222966
0.199579379664874
0.745058476214003
0.133854553005119
0.824565256284313
0.0550775102290129
0.137925091721297
0.134409150292602
0.227383957796979
0.0684892623371678
0.306454833785028
0.0849604793963674
0.311224048216069
0.166649942700648
0.340136790757633
0.148774192556833
0.2985534702544
0.346276651325589
0.494318471205153
0.22376413162465
0.719919162305333
0.198242727282325
0.215172596056967
0.284294499732816
0.614145690483744
0.119507918576243
0.169254305906268
0.106908349882226
0.24552981277712
0.0616349715618284
0.204998751817719
0.432552431220972
0.502655233445346
0.182697694578994
0.703271562114652
0.231439616366505
0.713189408804025
0.114110426780151
0.542997066658188
0.0823865374285696
0.155082505316573
0.0310580012362823
0.42619532112305
0.100711300946421
0.11484160463597
0.457513655232438
0.498456595595056
0.162828473404282
0.358322957078521
0.175743703220666
0.166348785980726
0.146829926745941
0.164402286843325
0.333397574265636
0.623424820092896
0.0945762257799066
0.176553408405892
0.210191155498216
0.28103377683848
0.0716914157318232
0.236836681765651
0.425084024639622
0.480523796759007
0.133424607480308
0.227438814596286
0.10788819083185
0.311221009223737
0.100501631769681
0.347769623749056
0.0654724419862831
0.143445781753759
0.162313365594
0.0985787056164309
0.421207010183375
0.447978023328678
0.287522324638506
0.16435464952993
0.0958956257990185
0.840147852788601
0.0901833529510433
0.500584670358394
0.516243309509878
0.399811795054118
0.117965325397884
0.12376856664293
0.606790787168607
0.345263880536664
0.149231094296534
0.377039624242928
0.1286218612257
0.262753809153179
0.142643457273697
0.30867137430769
0.0632648668765952
0.402995939511228
0.0499065397296337
0.474026845402198
0.321959143017169
0.585273476910315
0.233757830200063
0.326888118858899
0.13936312656114
0.707090920333299
0.410874423702858
0.464894724320124
0.143552008858786
0.159151347198582
0.324211165326053
0.588421481260868
0.0412508965189983
0.25356116330701
0.108157110888718
0.276716479169839
0.141527114652467
0.294179096557395
0.283920997631013
0.675109205762603
0.156835359320734
0.366822942035575
0.188407305279226
0.30849424397527
0.0589669722314079
0.390004880035561
0.0456337827075445
0.189502055446371
0.168229131637795
0.4706519891921
0.133097478867152
0.777341088727635
0.151816593714989
0.323206965110301
0.122421124867419
0.347836085263475
0.382438047327845
0.552471274691734
0.0746683551387086
0.454769168376512
0.0837639084464704
0.512843886527567
0.141657159876517
0.247223564532874
0.080538184257165
0.441228514727008
0.213001112028278
0.756128706069509
0.185645777242456
0.351029475591342
0.145084351345476
0.154186913167042
0.0805073617238136
0.263043556774969
0.758552484536698
0.120559782119895
0.128693828853575
0.277014435462587
0.21051339715272
0.698321150873526
0.119964934706997
0.0837912589825696
0.20394597911315
0.440391929981371
0.145506879795816
0.451840809489104
0.132419513693195
0.153228055060876
0.211612169836365
0.143214916453386
0.23563294591727
0.174101630418165
0.280959771205992
0.636407139999206
0.0784637911679791
0.228600683436174
0.159125767130307
0.153578956901633
0.11948630545945
0.0970335327281216
0.167331419148641
0.740141653370486
0.329759069472044
0.654988550678173
0.413699110699939
0.557818854503111
0.125953997109442
0.845365551042582
0.229678776152047
0.120832742114146
0.104287267001554
0.217630499671269
0.0859675489338235
0.123140909650227
0.126338449595135
0.730260328744911
0.126294507077362
0.295179925239199
0.134800908224182
0.392185540849281
0.469992466001258
0.38771495587564
0.467913480128443
0.408549490248324
0.272066964088357
0.623148466227676
0.30934233087299
0.624909795900853
0.133264107678731
0.765452529765075
0.10969877016908
0.608221923964294
0.15909757955583
0.804556608603439
0.324131216187837
0.462979307800276
0.162708719603471
0.390156111798899
0.161480652325877
0.756318093265992
0.0780370688961884
0.244173963504124
0.111422017996109
0.148505151796986
0.117728958669841
0.187209990279353
0.125190253964754
0.25878698019412
0.129030662454445
0.226523964299554
0.0964547273539564
0.139567640345024
0.0993219530174168
0.505767858802112
0.0812913595762608
0.25726504267368
0.114061129340521
0.565280390130502
0.117031141180867
0.394085614372648
0.173216861313326
0.787236279147723
0.114466464856033
0.431459599229711
0.302017351530916
0.0491891536202598
0.480334699444745
0.465250786162036
0.0688592517249692
0.118984470801108
0.181176614939241
0.386482396353332
0.094050924319862
0.0862391771358011
0.135669502038568
0.295101886407019
0.219533511795197
0.289218780379845
0.318940036090562
0.122206289575798
0.213878070506242
0.28527657494125
0.10175622657818
0.167432852726212
0.155640665998399
0.365442190537543
0.10359691212374
0.237995580140587
0.130411037075144
0.120650811815377
0.0484825672730153
0.343782842930221
0.209814976611975
0.727783962023557
0.137806341834068
0.499063497277179
0.156443540185146
0.14549697420111
0.364239217319743
0.598262981086184
0.0757746726836751
0.191687263961835
0.0726302912999143
0.154541857671726
0.502873299271003
0.291934416499056
0.185164350477385
0.732726332934579
0.0422945794198055
0.290886871317917
0.155415212001956
0.132142346516035
0.105013914059468
0.274217881889043
0.0904189863249574
0.383735505314364
0.0593037114265848
0.87374831088319
0.541114499643734
0.358203779450089
0.213327504384327
0.396485547175385
0.133563827502135
0.126176697900779
0.165498848709977
0.0788985570895697
0.0566853830120855
0.272655131711776
0.377105697027592
0.497546030793534
0.14688379496315
0.550675078094029
0.112359764889072
0.135957465666661
0.155907596831643
0.416995266671631
0.241984538985854
0.731606145527556
0.31250309008875
0.651960831176315
0.140803437408574
0.207680956056068
0.519757911049656
0.408931390416697
0.188749516712075
0.220271792978525
0.140503971302489
0.296488752601577
0.0651372139320014
0.19246512234106
0.231758553020687
0.336240508839736
0.137222870251948
0.140747428763055
0.287781931351408
0.614974286129966
0.203727268207518
0.163354892785608
0.0544182048800286
0.206351439554757
0.162713204311134
0.109262150908131
0.108294674106863
0.827452805247608
0.132168778690802
0.087085053485171
0.0796356794611605
0.370752813336707
0.0556113108784161
0.304934516218446
0.106489168224607
0.855980415337278
0.0748258384469001
0.417868832098187
0.398018772322907
0.516046240457859
0.133532003105195
0.352806248510359
0.0752447501899587
0.166005615146436
0.187663495085839
0.323941159951638
0.167974302388046
0.370159208466304
0.133542362657168
0.402294835254011
0.188555339266951
0.399975082906688
0.141921559937084
0.158260567117148
0.349641332380702
0.535452192567621
0.149707188924438
0.819675670883327
0.152737071047407
0.149918918025926
0.12381802084223
0.815214208913334
0.0976173487984654
0.473320918816773
0.110523475909717
0.427486173643718
0.18584275691688
0.64375033824741
0.212351310836605
0.479083200616704
0.103089049069402
0.299216356305017
0.60229143395406
0.273921063653958
0.2160831224106
0.7256228509562
0.436846288467333
0.310819962241432
0.160988461707166
0.226467647119656
0.172638179667773
0.203846732582245
0.107230013485903
0.280835954936204
0.0596546502395755
0.25941366830303
0.306378698550373
0.580998243247377
0.158556557400729
0.198888643376615
0.134356287417226
0.27024987637357
0.111695791039402
0.295544745261352
0.0647150381870324
0.458531695551782
0.0467225060900259
0.380697131850116
0.107968669207251
0.200628131020305
0.120058558484882
0.484565529324442
0.144817333057888
0.120522923772803
0.19731512687919
0.277626940552715
0.0601030150973255
0.10831130592069
0.279557158876412
0.616009567686872
0.181305049670274
0.413758660850984
0.193845837163126
0.180128281516425
0.0523363057910677
0.435810244178096
0.0834640224559389
0.0944626667101035
0.0857539518901812
0.235018690066585
0.0574317081540969
0.23764995700391
0.0787921006040943
0.766930475715865
0.178460981170511
0.279400345918593
0.114574664201545
0.858515979553914
0.119611515365658
0.119657939073126
0.0967602979737897
0.246616644367546
0.195118669439223
0.656169157873687
0.223217450400046
0.240346333468187
0.202430164672381
0.766919851899028
0.13259855376743
0.231182347132591
0.248556334376115
0.446540345739333
0.0974384802286825
0.158863028904387
0.0505151886900221
0.0720602994592959
0.198670235850104
0.22300674505745
0.130217343916872
0.826216896383446
0.142862385941294
0.137730988250475
0.52843463666495
0.441668183373829
0.415294149639029
0.477919701835897
0.0931628384500284
0.350046817015285
0.0699087594044239
0.136539763271591
0.133877673698565
0.214445860423846
0.099320646811689
0.168866055933374
0.0987189094474235
0.229736626590037
0.122970198121376
0.453731204011266
0.0625182697758386
0.296715242539363
0.507839403783857
0.403654658403203
