1
0.18488225992769
1
0.54998374171555
1
0.661898758495227
1
0.0104145254008472
1
0.667225647717714
1
0.349088410614058
1
0.988902155542746
1
0.388144757598639
1
0.867844662396237
1
0.971515428507701
1
0.19677682663314
1
0.595916896825656
1
0.813695673830807
1
0.757211570162326
1
0.665608417475596
1
0.443673961563036
1
0.779880527406931
1
0.758382907602936
1
0.101073444122449
1
0.945244047325104
1
0.0776955692563206
1
0.1306202406995
1
0.206508502364159
1
0.336741157341748
1
0.912917171837762
1
0.874337470624596
1
0.956425424199551
1
0.0137585073243827
1
0.808141406625509
1
0.293509235838428
1
0.670112134423107
1
0.744443612871692
1
0.487449982902035
1
0.0896180924028158
1
0.747780841076747
1
0.0946140429005027
1
0.815029826015234
1
0.182820469839498
1
0.604884260566905
1
0.12893533706665
1
0.696770017966628
1
0.611460734857246
1
0.156375913182274
1
0.0348332154098898
1
0.451490668812767
1
0.299983195029199
1
0.887773871887475
1
0.762855836190283
1
0.464202378178015
1
0.0140074624214321
1
0.284114230656996
1
0.760211409535259
1
0.285992244258523
1
0.560906112194061
1
0.683042956748977
1
0.884729420300573
1
0.890680889366195
1
0.485365581233054
1
0.848358375718817
1
0.662263454403728
1
0.0296864905394614
1
0.821521250065416
1
0.344378424109891
1
0.546843179035932
1
0.277391119394451
1
0.833674964727834
1
0.512191445333883
1
0.491443049861118
1
0.650711183436215
1
0.0634151056874543
1
0.927256647497416
1
0.919157153461128
1
0.940070242388174
1
0.305425927741453
1
0.516620413633063
1
0.486261322395876
1
0.773986248997971
1
0.468157252995297
1
0.716570192715153
1
0.808350955601782
1
0.590888002654538
1
0.203511162893847
1
0.476415365468711
1
0.0946207772940397
1
0.621229486307129
1
0.900029808748513
1
0.117966502672061
1
0.855542484438047
1
0.618567775702104
1
0.0580943147651851
1
0.142295781057328
1
0.163844325579703
1
0.748547380324453
1
0.220897037768736
1
0.472115368815139
1
0.0955632287077606
1
0.962502768728882
1
0.883408362045884
1
0.674511657562107
1
0.902525570942089
1
0.216759763890877
1
0.235632494091988
1
0.170867978129536
1
0.985238047782332
1
0.737517719622701
1
0.65849306806922
1
0.519592084456235
1
0.636479692999274
1
0.742581224767491
1
0.577234108000994
1
0.984484651824459
1
0.922454906394705
1
0.930730486288667
1
0.337013771524653
1
0.917751843109727
1
0.954289121553302
1
0.289729104842991
1
0.290930409217253
1
0.187864230014384
1
0.408082694979385
1
0.247958487831056
1
0.132409821264446
1
0.829328874591738
1
0.182619663886726
1
0.780339567456394
1
0.61973459715955
1
0.860713422298431
1
0.782764391973615
1
0.0737053363118321
1
0.548069577431306
1
0.0730218843091279
1
0.835922727361321
1
0.123297019861639
1
0.238221573876217
1
0.188048471696675
1
0.0896478358190507
1
0.188665445661172
1
0.0875637365970761
1
0.595254757907242
1
0.318638938711956
1
0.201604024041444
1
0.459003968397155
1
0.892279905732721
1
0.908903594594449
1
0.0119417214300483
1
0.599073993042111
1
0.217332459753379
1
0.107075292151421
1
0.12928364588879
1
0.869766158750281
1
0.359859343152493
1
0.0597308140713722
1
0.291851335437968
1
0.66337208240293
1
0.998360242461786
1
0.366653835168108
1
0.496486729942262
1
0.197463765507564
1
0.0287339272908866
1
0.467730008531362
1
0.635818621376529
1
0.60725956177339
1
0.129739928757772
1
0.385452583199367
1
0.955629493342713
1
0.833582927472889
1
0.26244543120265
1
0.30819852440618
1
0.425665796501562
1
0.287453095428646
1
0.242445004638284
1
0.837301319930702
1
0.435939057264477
1
0.961254097754136
1
0.338239248842001
1
0.182201520074159
1
0.165704896207899
1
0.834834380540997
1
0.00773068284615874
1
0.437645533354953
1
0.526542469859123
1
0.982076084706932
1
0.737174722133204
1
0.618884024675936
1
0.447265793336555
1
0.172302043065429
1
0.67843349208124
1
0.848876777570695
1
0.52363033592701
1
0.433727821800858
1
0.151370823150501
1
0.835171580547467
1
0.993533812696114
1
0.0545234847813845
1
0.839288371382281
1
0.717174644349143
1
0.604009803151712
1
0.979104041354731
1
0.871242615627125
1
0.254033542936668
1
0.403539878781885
1
0.860200789291412
1
0.359334161039442
1
0.63477345998399
1
0.187875738134608
1
0.515380631200969
1
0.212962578516454
1
0.755521160084754
1
0.425068361219019
1
0.283418429782614
1
0.261689541395754
1
0.59026536042802
1
0.28295158338733
1
0.27780524850823
1
0.934554667910561
1
0.133797994581982
1
0.417592460289598
1
0.00686526345089078
1
0.667523137060925
1
0.588285678066313
1
0.25495917443186
1
0.563982164952904
1
0.0688072552438825
1
0.472496858099476
1
0.137048591626808
1
0.949677399359643
1
0.414221389451995
1
0.906950556440279
1
0.0791761027649045
1
0.0331222764216363
1
0.795557104749605
1
0.377216963795945
1
0.843418894102797
1
0.200460737803951
1
0.905162202659994
1
0.187869925284758
1
0.0231184794101864
1
0.203163835918531
1
0.923287947429344
1
0.25598131865263
1
0.371674987487495
1
0.673625305294991
1
0.450241405051202
1
0.264012299943715
1
0.205118478508666
1
0.0967008678708225
1
0.356785578420386
1
0.523152998182923
1
0.472724020248279
1
0.603288769023493
